# Plan E
# MPE for 400 to 700 nm
1.0e-13   1.000e-07
1.0e-11   1.000e-07
1.0e-11   2.000e-07
5.0e-06   2.000e-07
1.0e+01   1.012e-02


# MPE for 850 nm
1.0e-13   1.000e-07
1.0e-11   1.000e-07
1.0e-11   3.991e-07
5.0e-06   3.991e-07
1.0e+01   1.995e-02


# MPE for 1064 nm
1.0e-13   1.000e-07
1.0e-11   1.000e-07
1.0e-11   2.000e-06
1.3e-05   2.000e-06
1.0e+01   5.000e-02


# MPE for 1315 nm
1.0e-13   4.061e-05
1.0e-11   4.061e-05
1.0e-11   8.122e-04
2.0e-11   8.122e-04
3.0e-11   8.122e-04
4.0e-11   8.122e-04
5.0e-11   8.122e-04
6.0e-11   8.122e-04
7.0e-11   8.122e-04
8.0e-11   8.122e-04
9.0e-11   8.122e-04
1.0e-10   8.122e-04
2.0e-10   8.122e-04
3.0e-10   8.122e-04
4.0e-10   8.122e-04
5.0e-10   8.122e-04
6.0e-10   8.122e-04
7.0e-10   8.122e-04
8.0e-10   8.122e-04
9.0e-10   8.122e-04
1.0e-09   8.122e-04
2.0e-09   8.122e-04
3.0e-09   8.122e-04
4.0e-09   8.122e-04
5.0e-09   8.122e-04
6.0e-09   8.122e-04
7.0e-09   8.122e-04
8.0e-09   8.122e-04
9.0e-09   8.122e-04
1.0e-08   8.122e-04
2.0e-08   8.122e-04
3.0e-08   8.122e-04
4.0e-08   8.122e-04
5.0e-08   8.122e-04
6.0e-08   8.122e-04
7.0e-08   8.122e-04
8.0e-08   8.122e-04
9.0e-08   8.122e-04
1.0e-07   8.122e-04
2.0e-07   8.122e-04
3.0e-07   8.122e-04
4.0e-07   8.122e-04
5.0e-07   8.122e-04
6.0e-07   8.122e-04
7.0e-07   8.122e-04
8.0e-07   8.122e-04
9.0e-07   8.122e-04
1.0e-06   8.122e-04
2.0e-06   8.122e-04
3.0e-06   8.122e-04
4.0e-06   8.122e-04
5.0e-06   8.122e-04
6.0e-06   8.122e-04
7.0e-06   8.122e-04
8.0e-06   8.122e-04
9.0e-06   8.122e-04
1.0e-05   8.122e-04
2.0e-05   1.093e-03
3.0e-05   1.482e-03
4.0e-05   1.838e-03
5.0e-05   2.173e-03
6.0e-05   2.492e-03
7.0e-05   2.797e-03
8.0e-05   3.092e-03
9.0e-05   3.377e-03
1.0e-04   3.655e-03
2.0e-04   6.147e-03
3.0e-04   8.332e-03
4.0e-04   1.034e-02
5.0e-04   1.222e-02
6.0e-04   1.401e-02
7.0e-04   1.573e-02
8.0e-04   1.739e-02
9.0e-04   1.899e-02
1.0e-03   2.055e-02
2.0e-03   3.457e-02
3.0e-03   4.685e-02
4.0e-03   5.813e-02
5.0e-03   6.872e-02
6.0e-03   7.879e-02
7.0e-03   8.845e-02
8.0e-03   9.777e-02
9.0e-03   1.068e-01
1.0e-02   1.156e-01
2.0e-02   1.944e-01
3.0e-02   2.635e-01
4.0e-02   3.269e-01
5.0e-02   3.865e-01
6.0e-02   4.431e-01
7.0e-02   4.974e-01
8.0e-02   5.498e-01
9.0e-02   6.006e-01
1.0e-01   6.500e-01
2.0e-01   1.093e+00
3.0e-01   1.482e+00
4.0e-01   1.838e+00
5.0e-01   2.173e+00
6.0e-01   2.492e+00
7.0e-01   2.536e+00
8.0e-01   2.553e+00
9.0e-01   2.569e+00
1.0e+00   2.584e+00
2.0e+00   2.690e+00
3.0e+00   2.761e+00
4.0e+00   2.824e+00
5.0e+00   2.824e+00
6.0e+00   2.824e+00
7.0e+00   2.824e+00
8.0e+00   2.824e+00
9.0e+00   2.824e+00


# MPE for 1390 nm
1.0e-13   3.981e-02
1.0e-11   3.981e-02
1.0e-11   3.777e-01
2.0e-11   3.777e-01
3.0e-11   3.777e-01
4.0e-11   3.777e-01
5.0e-11   3.777e-01
6.0e-11   3.777e-01
7.0e-11   3.777e-01
8.0e-11   3.777e-01
9.0e-11   3.777e-01
1.0e-10   3.777e-01
2.0e-10   3.777e-01
3.0e-10   3.777e-01
4.0e-10   3.777e-01
5.0e-10   3.777e-01
6.0e-10   3.777e-01
7.0e-10   3.777e-01
8.0e-10   3.777e-01
9.0e-10   3.777e-01
1.0e-09   3.777e-01
2.0e-09   3.777e-01
3.0e-09   3.777e-01
4.0e-09   3.777e-01
5.0e-09   3.777e-01
6.0e-09   3.777e-01
7.0e-09   3.777e-01
8.0e-09   3.777e-01
9.0e-09   3.777e-01
1.0e-08   3.777e-01
2.0e-08   3.777e-01
3.0e-08   3.777e-01
4.0e-08   3.777e-01
5.0e-08   3.777e-01
6.0e-08   3.777e-01
7.0e-08   3.777e-01
8.0e-08   3.777e-01
9.0e-08   3.777e-01
1.0e-07   3.777e-01
2.0e-07   3.777e-01
3.0e-07   3.777e-01
4.0e-07   3.777e-01
5.0e-07   3.777e-01
6.0e-07   3.777e-01
7.0e-07   3.777e-01
8.0e-07   3.777e-01
9.0e-07   3.777e-01
1.0e-06   3.777e-01
2.0e-06   3.777e-01
3.0e-06   3.777e-01
4.0e-06   3.777e-01
5.0e-06   3.777e-01
6.0e-06   3.777e-01
7.0e-06   3.777e-01
8.0e-06   3.777e-01
9.0e-06   3.777e-01
1.0e-05   3.777e-01
2.0e-05   3.777e-01
3.0e-05   3.777e-01
4.0e-05   3.777e-01
5.0e-05   3.777e-01
6.0e-05   3.777e-01
7.0e-05   3.777e-01
8.0e-05   3.777e-01
9.0e-05   3.777e-01
1.0e-04   3.777e-01
2.0e-04   3.777e-01
3.0e-04   3.777e-01
4.0e-04   3.777e-01
5.0e-04   3.777e-01
6.0e-04   3.777e-01
7.0e-04   3.777e-01
8.0e-04   3.777e-01
9.0e-04   3.777e-01
1.0e-03   3.773e-01
2.0e-03   3.961e-01
3.0e-03   4.087e-01
4.0e-03   4.185e-01
5.0e-03   4.266e-01
6.0e-03   4.335e-01
7.0e-03   4.397e-01
8.0e-03   4.452e-01
9.0e-03   4.502e-01
1.0e-02   4.548e-01
2.0e-02   4.883e-01
3.0e-02   5.107e-01
4.0e-02   5.281e-01
5.0e-02   5.425e-01
6.0e-02   5.548e-01
7.0e-02   5.657e-01
8.0e-02   5.755e-01
9.0e-02   5.844e-01
1.0e-01   5.926e-01
2.0e-01   6.522e-01
3.0e-01   6.921e-01
4.0e-01   7.230e-01
5.0e-01   7.486e-01
6.0e-01   7.705e-01
7.0e-01   7.899e-01
8.0e-01   8.073e-01
9.0e-01   8.231e-01
1.0e+00   8.377e-01
2.0e+00   9.436e-01
3.0e+00   1.015e+00
4.0e+00   1.078e+00
5.0e+00   1.078e+00
6.0e+00   1.078e+00
7.0e+00   1.078e+00
8.0e+00   1.078e+00
9.0e+00   1.078e+00


# MPE for 1400 nm
1.0e-09   3.000e-01
1.0e-03   2.996e-01
4.0e+00   1.000e+00
1.0e+01   1.000e+00
